1000
998
997
996
994
991
989
987
983
982
981
981
978
976
974
970
969
966
966
966
964
964
962
962
962
961
959
957
956
951
950
949
948
944
938
937
933
933
928
927
924
919
918
918
915
910
909
907
907
907
903
902
898
897
897
894
892
889
884
884
883
882
882
880
879
877
875
874
874
874
873
870
868
867
865
864
863
857
853
844
840
839
834
828
828
827
826
822
821
819
817
816
816
814
813
811
811
807
805
805
804
804
803
802
799
795
794
794
794
793
789
788
786
780
779
777
775
774
772
771
770
762
762
754
753
751
751
749
747
744
743
739
739
728
727
725
724
723
723
718
718
716
716
711
710
708
697
695
695
694
690
685
685
683
682
681
681
680
679
679
678
677
675
673
670
670
669
666
665
659
652
651
649
648
648
644
641
640
639
639
633
633
628
627
623
619
618
617
611
607
605
604
603
602
596
595
593
592
592
591
586
585
583
582
580
578
575
572
568
568
567
566
565
560
558
554
551
549
544
542
542
536
530
525
520
520
519
519
517
514
512
509
507
507
507
506
505
504
502
501
500
500
495
493
491
491
489
486
485
483
482
481
468
468
465
464
460
459
459
457
456
455
453
452
451
451
450
448
447
447
445
445
443
443
442
441
438
438
437
436
436
434
433
427
426
426
425
424
424
422
420
419
415
409
409
407
407
406
402
398
397
397
395
393
391
388
388
388
385
383
378
377
376
373
372
371
363
361
359
359
359
355
354
352
348
347
346
344
344
344
342
341
340
339
338
337
333
331
330
327
327
323
317
316
316
314
314
313
308
306
305
301
301
294
291
290
290
289
288
287
284
284
281
281
280
277
276
275
272
266
263
262
261
257
251
250
250
245
245
235
231
231
230
229
227
225
224
224
224
223
221
215
214
213
213
212
211
211
210
209
209
209
208
207
207
207
205
204
203
203
201
200
198
198
195
195
192
189
187
182
180
179
178
177
175
174
172
165
163
161
159
159
156
155
155
151
144
140
138
135
134
131
129
129
127
124
122
122
122
120
117
115
114
113
112
112
108
108
106
106
105
98
98
95
92
91
89
85
85
83
83
81
78
74
74
68
62
59
58
50
50
49
49
44
43
42
41
41
41
40
38
35
34
29
29
28
25
25
20
18
17
16
14
13
10
9
8
5
2
2
1
0