0
1
2
2
5
8
9
10
13
14
16
17
18
20
25
25
28
29
29
34
35
38
40
41
41
41
42
43
44
49
49
50
50
58
59
62
68
74
74
78
81
83
83
85
85
89
91
92
95
98
98
105
106
106
108
108
112
112
113
114
115
117
120
122
122
122
124
127
129
129
131
134
135
138
140
144
151
155
155
156
159
159
161
163
165
172
174
175
177
178
179
180
182
187
189
192
195
195
198
198
200
201
203
203
204
205
207
207
207
208
209
209
209
210
211
211
212
213
213
214
215
221
223
224
224
224
225
227
229
230
231
231
235
245
245
250
250
251
257
261
262
263
266
272
275
276
277
280
281
281
284
284
287
288
289
290
290
291
294
301
301
305
306
308
313
314
314
316
316
317
323
327
327
330
331
333
337
338
339
340
341
342
344
344
344
346
347
348
352
354
355
359
359
359
361
363
371
372
373
376
377
378
383
385
388
388
388
391
393
395
397
397
398
402
406
407
407
409
409
415
419
420
422
424
424
425
426
426
427
433
434
436
436
437
438
438
441
442
443
443
445
445
447
447
448
450
451
451
452
453
455
456
457
459
459
460
464
465
468
468
481
482
483
485
486
489
491
491
493
495
500
500
501
502
504
505
506
507
507
507
509
512
514
517
519
519
520
520
525
530
536
542
542
544
549
551
554
558
560
565
566
567
568
568
572
575
578
580
582
583
585
586
591
592
592
593
595
596
602
603
604
605
607
611
617
618
619
623
627
628
633
633
639
639
640
641
644
648
648
649
651
652
659
665
666
669
670
670
673
675
677
678
679
679
680
681
681
682
683
685
685
690
694
695
695
697
708
710
711
716
716
718
718
723
723
724
725
727
728
739
739
743
744
747
749
751
751
753
754
762
762
770
771
772
774
775
777
779
780
786
788
789
793
794
794
794
795
799
802
803
804
804
805
805
807
811
811
813
814
816
816
817
819
821
822
826
827
828
828
834
839
840
844
853
857
863
864
865
867
868
870
873
874
874
874
875
877
879
880
882
882
883
884
884
889
892
894
897
897
898
902
903
907
907
907
909
910
915
918
918
919
924
927
928
933
933
937
938
944
948
949
950
951
956
957
959
961
962
962
962
964
964
966
966
966
969
970
974
976
978
981
981
982
983
987
989
991
994
996
997
998
1000